1 8
1 13
1 17
1 34
1 64
1 67
1 76
1 136
1 206
1 351
1 358
1 359
1 361
1 377
1 388
1 395
1 397
1 414
1 446
1 448
1 529
1 568
1 570
1 605
1 609
1 626
1 632
1 637
1 643
1 648
1 650
1 654
1 658
1 661
1 673
1 711
1 713
1 718
1 731
1 736
1 752
1 775
1 798
1 904
1 950
1 1129
1 1137
1 1141
1 1151
1 1157
1 1200
1 1221
1 1240
1 1255
1 1298
1 1544
1 1576
1 1582
1 1585
1 1588
1 1590
1 1646
1 1668
1 1686
1 1691
1 1701
1 1706
1 1721
1 1766
1 1814
1 1817
1 1819
1 1821
1 1827
1 1831
1 1833
1 1855
1 1869
1 1873
1 1875
1 1880
1 1883
1 1888
1 1892
1 1895
1 1906
1 1907
1 1915
1 1917
1 1928
1 1931
1 1939
1 1943
1 1951
1 1967
1 1968
1 1981
1 1987
1 1993
1 1996
1 2000
1 2007
1 2011
1 2019
1 2027
1 2029
1 2040
1 2045
1 2060
1 2069
1 2070
1 2077
1 2079
1 2081
1 2093
1 2095
1 2097
1 2123
1 2125
1 2133
1 2148
1 2152
1 2158
1 2168
1 2187
1 2189
1 2197
1 2199
1 2214
1 2218
1 2232
1 2255
1 2259
1 2267
1 2280
1 2287
1 2295
1 2301
1 2305
1 2308
1 2315
1 2321
1 2323
1 2328
1 2330
1 2343
1 2394
1 2415
1 2433
1 2447
1 2453
1 2461
1 2491
1 2497
1 2502
1 2505
1 2514
1 2521
1 2524
1 2525
1 2532
1 2534
1 2535
1 2536
1 2539
1 2543
1 2545
1 2547
1 2549
1 2613
1 2641
1 2646
1 2668
1 2687
1 2716
1 2720
1 2723
1 2727
1 2730
1 2735
1 2740
1 2741
1 2743
1 2751
1 2752
1 2758
1 2764
1 2777
1 2832
1 2920
1 2925
1 2943
1 2946
1 2953
1 2956
1 2973
1 2977
1 2986
1 2998
1 2999
1 3076
1 3088
1 3093
1 3099
1 3101
1 3110
1 3116
1 3119
1 3165
1 3169
1 3200
1 3203
1 3214
1 3222
1 3252
1 3294
1 3350
1 3356
1 3359
1 3367
1 3370
1 3417
1 3449
1 3536
1 3541
1 3589
1 3596
1 3606
1 3648
1 3735
1 3739
1 3747
1 3751
1 3785
1 3818
1 3822
1 3830
1 3875
1 3878
1 3885
1 3887
1 3891
1 3893
1 3899
1 3900
1 3909
1 3913
1 3915
1 3920
1 3928
1 3931
1 3956
1 4000
1 4045
1 4049
1 4053
1 4072
1 4090
1 4093
1 4108
1 4116
1 4174
1 4206
1 4215
1 4219
1 4221
1 4239
1 4241
1 4249
1 4251
1 4256
1 4260
1 4262
1 4265
1 4280
1 4305
1 4320
1 4382
1 4399
1 4403
1 4406
1 4409
1 4414
1 4426
1 4437
1 4464
1 4471
1 4486
1 4490
1 4507
1 4516
1 4523
1 4528
1 4535
1 4537
1 4542
1 4544
1 4550
1 4553
1 4558
1 4594
1 4686
1 4703
1 4711
1 4715
1 4770
1 4776
1 4780
1 4783
1 4789
1 4795
1 4802
1 4804
1 4813
1 4816
1 4821
1 4824
1 4843
1 4845
1 4846
1 4853
1 4857
1 4859
1 4867
1 4876
1 4894
1 4897
1 4900
1 4905
1 4911
1 4931
1 4940
1 4963
1 4964
1 4966
1 4975
1 4979
1 4981
1 4983
1 4998
1 5021
1 5075
1 5113
1 5120
1 5143
1 5152
1 5187
1 5189
1 5196
1 5203
1 5237
1 5263
1 5314
1 5318
1 5324
1 5325
1 5327
1 5330
1 5333
1 5347
1 5353
1 5361
1 5363
1 5389
1 5390
1 5399
1 5403
1 5407
1 5417
1 5424
1 5442
1 5459
1 5463
1 5465
1 5466
1 5473
1 5476
1 5487
1 5488
1 5492
1 5498
1 5503
1 5510
1 5518
1 5521
1 5523
1 5527
1 5529
1 5540
1 5546
1 5549
1 5554
1 5556
1 5563
1 5579
1 5603
1 5612
1 5615
1 5617
1 5624
1 5629
1 5631
1 5634
1 5635
1 5641
1 5643
1 5648
1 5650
1 5654
1 5718
1 5727
1 5731
1 5733
1 5737
1 5741
1 5744
1 5748
1 5759
1 5763
1 5770
1 5783
1 5790
1 5856
1 5919
1 5920
1 5922
1 5928
1 5939
1 5941
1 5956
1 5960
1 5967
1 5974
1 5979
1 5985
1 5998
1 6002
1 6004
1 6019
1 6029
1 6031
1 6038
1 6047
1 6057
1 6062
1 6064
1 6085
1 6098
1 6119
1 6126
1 6132
1 6136
1 6138
1 6140
1 6144
1 6168
1 6190
1 6253
1 6255
1 6257
1 6264
1 6268
1 6274
1 6285
1 6288
1 6295
1 6297
1 6321
1 6342
1 6344
1 6346
1 6356
1 6357
1 6363
1 6366
1 6369
1 6373
1 6375
1 6382
1 6385
1 6388
1 6391
1 6394
1 6399
1 6404
1 6412
1 6415
1 6417
1 6463
1 6473
1 6491
1 6494
1 6505
1 6507
1 6509
1 6517
1 6520
1 6529
1 6534
1 6585
1 6600
1 6620
1 6628
1 6631
1 6643
1 6694
1 6717
1 6719
1 6726
1 6730
1 6734
1 6738
1 6744
1 6747
1 6749
1 6754
1 6756
1 6761
1 6763
1 6769
1 6772
1 6775
1 6781
1 6784
1 6827
1 6902
1 6984
1 6989
1 6993
1 6996
1 7001
1 7011
1 7029
1 7088
1 7100
1 7101
1 7115
1 7119
1 7124
1 7129
1 7137
1 7138
1 7140
1 7141
1 7146
1 7149
1 7154
1 7163
1 7167
1 7175
1 7180
1 7184
1 7195
1 7197
1 7233
1 7265
1 7275
1 7276
1 7277
1 7284
1 7288
1 7290
1 7293
1 7295
1 7297
1 7299
1 7302
1 7307
1 7313
1 7323
1 7330
1 7337
1 7343
1 7347
1 7357
1 7363
1 7407
1 7504
1 7698
1 7720
1 7729
1 7739
1 7743
1 7761
1 7762
1 7766
1 7774
1 7783
1 7789
1 7794
1 7801
1 7808
1 7814
1 7815
1 7822
1 7853
1 7868
1 7897
1 7901
1 7906
1 7908
1 7910
1 7929
1 7943
1 7969
1 7977
1 7984
1 8004
1 8041
1 8045
1 8068
1 8088
1 8110
1 8119
1 8128
1 8134
1 8139
1 8150
1 8163
1 8169
1 8198
1 8209
1 8213
1 8231
1 8236
1 8252
1 8260
1 8279
1 8309
1 8319
1 8332
1 8343
1 8345
1 8354
1 8356
1 8359
1 8361
1 8369
1 8374
1 8380
1 8404
1 8412
1 8419
1 8431
1 8445
1 8449
1 8458
1 8469
1 8479
1 8481
1 8483
1 8493
1 8497
1 8510
1 8529
1 8535
1 8544
1 8548
1 8555
1 8563
1 8569
1 8583
1 8591
1 8593
1 8619
1 8643
1 8652
1 8657
1 8667
1 8670
1 8741
1 8820
1 8847
1 8870
1 8922
1 8925
1 8952
1 8970
1 8978
1 8983
1 8987
1 8989
1 8990
1 8997
1 9001
1 9002
1 9015
1 9026
1 9029
1 9031
1 9038
1 9040
1 9053
1 9054
1 9116
1 9121
1 9123
1 9127
1 9132
1 9136
1 9138
1 9146
1 9153
1 9156
1 9158
1 9160
1 9162
1 9164
1 9197
1 9236
1 9258
1 9264
1 9268
1 9280
1 9286
1 9295
1 9299
1 9405
1 9485
1 9486
1 9489
1 9502
1 9503
1 9505
1 9516
1 9534
1 9539
1 9554
1 9664
1 9683
1 9690
1 9694
1 9696
1 9697
1 9704
1 9707
1 9712
1 9769
1 9810
1 9811
1 9818
1 9821
1 9838
1 9842
1 9850
1 9857
1 9859
1 9861
1 9865
1 9874
1 9890
1 9906
1 9923
1 9930
1 9932
1 9945
1 9947
1 9960
1 9969
1 9980
1 9983
1 10003
1 10012
1 10037
1 10129
1 10131
1 10136
1 10144
1 10151
1 10163
1 10166
1 10170
1 10181
1 10183
1 10192
1 10212
1 10223
1 10230
1 10232
1 10236
1 10254
1 10260
1 10278
1 10307
1 10330
1 10350
1 10352
1 10364
1 10366
1 10373
1 10380
1 10397
1 10422
1 10426
1 10428
1 10439
1 10465
1 10477
1 10482
1 10484
1 10488
1 10494
1 10497
1 10524
1 10533
1 10548
1 10556
1 10566
1 10577
1 10607
1 10617
1 10634
1 10650
1 10654
1 10672
1 10678
1 10684
1 10686
1 10691
1 10698
1 10701
1 10703
1 10704
1 10709
1 10719
1 10722
1 10723
1 10738
1 10743
1 10746
1 10762
1 10769
1 10809
1 10812
1 10813
1 10815
1 10818
1 10825
1 10830
1 10831
1 10841
1 10842
1 10845
1 10853
1 10862
1 10906
1 10999
1 11002
1 11012
1 11016
1 11025
1 11041
1 11044
1 11049
1 11051
1 11056
1 11070
1 11071
1 11072
1 11080
1 11083
1 11087
1 11091
1 11098
1 11103
1 11110
1 11115
1 11119
1 11122
1 11125
1 11134
1 11135
1 11140
1 11147
1 11155
1 11159
1 11175
1 11190
1 11193
1 11202
1 11203
1 11205
1 11223
1 11225
1 11226
1 11230
1 11280
1 11300
1 11311
1 11320
1 11338
1 11374
1 11383
1 11392
1 11408
1 11415
1 11419
1 11421
1 11432
1 11446
1 11454
1 11466
1 11468
1 11472
1 11481
1 11519
1 11532
1 11538
1 11541
1 11548
1 11553
1 11557
1 11570
1 11578
1 11587
1 11588
1 11594
1 11601
1 11611
1 11634
1 11648
1 11651
1 11653
1 11673
1 11688
1 11690
1 11691
1 11694
1 11696
1 11707
1 11712
1 11715
1 11725
1 11738
1 11743
1 11750
1 11751
1 11769
1 11772
1 11778
1 11781
1 11785
1 11798
1 11827
1 11833
1 11843
1 11845
1 11860
1 11873
1 11882
1 11888
1 11896
1 11901
1 11907
1 11908
1 11910
1 11917
1 11919
1 11923
1 11927
1 11931
1 11958
1 12002
1 12018
1 12027
1 12037
1 12049
1 12054
1 12056
1 12079
1 12086
1 12123
1 12151
1 12159
1 12166
1 12167
1 12169
1 12180
1 12198
1 12214
1 12228
1 12243
1 12249
1 12255
1 12262
1 12269
1 12271
1 12273
1 12274
1 12289
1 12305
1 12320
1 12326
1 12344
1 12364
1 12365
1 12370
1 12383
1 12388
1 12392
1 12399
1 12407
1 12415
1 12423
1 12424
1 12429
1 12430
1 12446
1 12465
1 12484
1 12490
1 12493
1 12500
1 12508
1 12513
1 12515
1 12523
1 12568
1 12579
1 12594
1 12605
1 12612
1 12615
1 12625
1 12627
1 12629
1 12640
1 12647
1 12656
1 12665
1 12671
1 12686
1 12698
1 12705
1 12712
1 12720
1 12726
1 12728
1 12732
1 12740
1 12742
1 12746
1 12761
1 12762
1 12763
1 12777
1 12782
1 12784
1 12788
1 12800
1 12807
1 12808
1 12809
1 12813
1 12816
1 12821
1 12822
1 12824
1 12835
1 12853
1 12859
1 12863
1 12878
1 12881
1 12885
1 12888
1 12937
1 12942
1 12944
1 12948
1 12962
1 12967
1 12980
1 12985
1 12992
1 12999
1 13005
1 13013
1 13018
1 13026
1 13035
1 13043
1 13056
1 13065
1 13078
1 13092
1 13099
1 13100
1 13104
1 13105
1 13113
1 13123
1 13151
1 13169
1 13170
1 13172
1 13175
1 13185
1 13186
1 13191
1 13200
1 13203
1 13205
1 13266
1 13336
1 13338
1 13346
1 13361
1 13372
1 13378
1 13390
1 13401
1 13409
1 13416
1 13422
1 13424
1 13427
1 13434
1 13446
1 13453
1 13470
1 13477
1 13482
1 13486
1 13495
1 13499
1 13503
1 13508
1 13515
1 13521
1 13526
1 13537
1 13543
1 13547
1 13561
1 13565
1 13574
1 13577
1 13596
1 13620
1 13624
1 13636
1 13661
1 13683
1 13689
1 13695
1 13696
1 13700
1 13713
1 13717
1 13723
1 13734
1 13743
1 13761
1 13763
1 13766
1 13768
1 13773
1 13783
1 13799
1 13821
1 13839
1 13869
1 13872
1 13883
1 13889
1 13891
1 13892
1 13895
1 13898
1 13904
1 13924
1 13929
1 13932
1 13939
1 13944
1 13952
1 13967
1 13970
1 13973
1 13982
1 13983
1 13989
1 14000
1 14002
1 14004
1 14014
1 14021
1 14026
1 14030
1 14043
1 14049
1 14090
1 14092
1 14109
1 14117
1 14120
1 14134
1 14139
1 14149
1 14160
1 14169
1 14176
1 14221
1 14223
1 14267
1 14274
1 14299
1 14321
1 14335
1 14342
1 14352
1 14359
1 14364
1 14369
1 14419
1 14447
1 14451
1 14459
1 14463
1 14469
1 14502
1 14520
1 14530
1 14532
1 14560
1 14598
1 14693
1 14695
1 14704
1 14708
1 14718
1 14726
1 14728
1 14731
1 14738
1 14744
1 14754
1 14758
1 14763
1 14769
1 14772
1 14781
1 14792
1 14793
1 14794
1 14810
1 14818
1 14825
1 14829
1 14833
1 14837
1 14854
1 14857
1 14873
1 14893
1 14903
1 14908
1 14915
1 14928
1 14938
1 14946
1 14949
1 14953
1 14956
1 14961
1 14967
1 14970
1 14972
1 14974
1 14979
1 14981
1 14985
1 14993
1 14995
1 14999
1 15009
1 15025
1 15030
1 15050
1 15053
1 15057
1 15065
1 15069
1 15073
1 15078
1 15083
1 15086
1 15095
1 15102
1 15111
1 15120
1 15122
1 15144
1 15147
1 15166
1 15171
1 15198
1 15201
1 15206
1 15210
1 15215
1 15228
1 15243
1 15264
1 15272
1 15279
1 15284
1 15285
1 15292
1 15299
1 15312
1 15317
1 15327
1 15340
1 15356
1 15378
1 15394
1 15396
1 15403
1 15405
1 15412
1 15415
1 15425
1 15429
1 15435
1 15448
1 15455
1 15460
1 15473
1 15480
1 15483
1 15490
1 15495
1 15503
1 15507
1 15518
1 15523
1 15529
1 15534
1 15540
1 15544
1 15548
1 15551
1 15554
1 15555
1 15564
1 15566
1 15571
1 15573
1 15579
1 15582
1 15589
1 15609
1 15613
1 15622
1 15626
1 15638
1 15644
1 15649
1 15657
1 15659
1 15668
1 15672
1 15673
1 15679
1 15683
1 15689
1 15692
1 15701
1 15707
1 15716
1 15718
1 15818
1 15821
1 15822
1 15825
1 15829
1 15831
1 15854
1 15858
1 15869
1 15873
1 15893
1 15899
1 15906
1 15908
1 15918
1 15919
1 15924
1 15927
1 15937
1 15957
1 15980
1 15988
1 15990
1 15994
1 15997
1 16004
1 16007
1 16018
1 16035
1 16085
1 16088
1 16092
1 16095
1 16100
1 16104
1 16105
1 16116
1 16118
1 16133
1 16144
1 16147
1 16159
1 16167
1 16168
1 16170
1 16172
1 16184
1 16189
1 16193
1 16196
1 16201
1 16203
1 16209
1 16216
1 16219
1 16223
1 16227
1 16228
1 16230
1 16241
1 16270
1 16272
1 16280
1 16313
1 16342
1 16368
1 16370
1 16376
1 16390
1 16395
1 16408
1 16416
1 16420
1 16421
1 16423
1 16438
1 16484
1 16519
1 16537
1 16540
1 16551
1 16555
1 16559
1 16564
1 16572
1 16580
1 16588
1 16599
1 16602
1 16610
1 16626
1 16627
1 16630
1 16636
1 16638
1 16640
1 16645
1 16679
1 16704
1 16723
1 16728
1 16738
1 16741
1 16742
1 16748
1 16751
1 16760
1 16765
1 16768
1 16770
1 16778
1 16781
1 16783
1 16789
1 16803
1 16814
1 16821
1 16826
1 16828
1 16837
1 16845
1 16849
1 16855
1 16858
1 16861
1 16864
1 16872
1 16900
1 16909
1 16916
1 16922
1 16928
1 16934
1 16950
1 16951
1 16973
1 16976
1 16978
1 16986
1 16994
1 16998
1 17019
1 17028
1 17045
1 17051
1 17053
1 17063
1 17075
1 17087
1 17089
1 17096
1 17098
1 17101
1 17103
1 17108
1 17110
1 17120
1 17121
1 17139
1 17142
1 17145
1 17151
1 17154
1 17156
1 17163
1 17168
1 17171
1 17181
1 17188
1 17193
1 17202
1 17206
1 17210
1 17212
1 17213
1 17216
1 17224
1 17234
1 17237
1 17239
1 17244
1 17327
1 17366
1 17458
1 17463
1 17468
1 17470
1 17482
1 17486
1 17493
1 17520
1 17552
1 17565
1 17583
1 17587
1 17602
1 17619
1 17627
1 17631
1 17633
1 17651
1 17665
1 17681
1 17684
1 17688
1 17693
1 17696
1 17707
1 17711
1 17719
1 17723
1 17727
1 17732
1 17736
1 17745
1 17750
1 17752
1 17756
1 17763
1 17774
1 17779
1 17787
1 17789
1 17790
1 17797
1 17802
1 17809
1 17813
1 17815
1 17824
1 17832
1 17836
1 17840
1 17849
1 17852
1 17860
1 17862
1 17863
1 17864
1 17868
1 17871
1 17875
1 17876
1 17883
1 17888
1 17889
1 17894
1 17895
1 17905
1 17907
1 17924
1 17939
1 17977
1 17998
1 18013
1 18022
1 18029
1 18036
1 18039
1 18065
1 18069
1 18070
1 18073
1 18075
1 18085
1 18096
1 18100
1 18105
1 18109
1 18117
1 18119
1 18121
1 18125
1 18128
1 18138
1 18139
1 18145
1 18152
1 18158
1 18160
1 18172
1 18182
1 18187
1 18188
1 18196
1 18198
1 18200
1 18204
1 18205
1 18206
1 18211
1 18213
1 18219
1 18237
1 18247
1 18249
1 18253
1 18261
1 18262
1 18264
1 18267
1 18273
1 18280
1 18282
1 18288
1 18293
1 18324
1 18330
1 18335
1 18339
1 18342
1 18357
1 18379
1 18386
1 18390
1 18393
1 18407
1 18428
1 18432
1 18434
1 18438
1 18439
1 18466
1 18473
1 18528
1 18531
1 18539
1 18553
1 18554
1 18573
1 18602
1 18606
1 18644
1 18654
1 18659
1 18671
1 18674
1 18684
1 18694
1 18702
1 18706
1 18707
1 18712
1 18713
1 18720
1 18733
1 18749
1 18752
1 18764
1 18772
1 18800
1 18803
1 18828
1 18840
1 18845
1 18857
1 18859
1 18872
1 18874
1 18885
1 18892
1 18893
1 18894
1 18898
1 18903
