1;1472;9.900000;91;small
2;1316;9.900000;98;small
3;1571;9.900000;57;small
4;3360;9.900000;119;small
5;3216;9.900000;110;small
6;3524;9.900000;158;small
7;3112;9.900000;170;small
8;1253;9.900000;208;small
9;1373;9.900000;169;small
10;1604;9.900000;209;small
11;3976;9.900000;250;small
12;3852;9.900000;207;small
13;3434;9.900000;219;small
14;4083;9.900000;231;small
15;3341;9.900000;285;small
16;3774;9.900000;262;small
17;3645;9.900000;233;small
18;3281;9.900000;237;small
19;1827;9.900000;238;small
20;1739;9.900000;303;small
21;2101;9.900000;281;small
22;1351;9.900000;290;small
23;1450;9.900000;265;small
24;4077;9.900000;295;small
25;2317;9.900000;340;small
26;2078;9.900000;357;small
27;1604;9.900000;400;small
28;2439;9.900000;371;small
29;3896;9.900000;374;small
30;3485;9.900000;357;small
31;3649;9.900000;393;small
32;2576;9.900000;390;small
33;4147;9.900000;366;small
34;3762;9.900000;344;small
35;1277;9.900000;413;small
36;1950;9.900000;397;small
37;1773;9.900000;405;small
38;2158;9.900000;419;small
39;1461;9.900000;411;small
40;4021;9.900000;423;small
41;2537;9.900000;450;small
42;2360;9.900000;470;small
43;2205;9.900000;517;small
44;2466;9.900000;475;small
45;3562;9.900000;482;small
46;4124;9.900000;494;small
47;2052;9.900000;474;small
48;2256;9.900000;502;small
49;3526;9.900000;437;small
50;1188;9.900000;518;small
51;3964;9.900000;512;small
52;1421;9.900000;518;small
53;4261;9.900000;575;small
54;2389;9.900000;554;small
55;1601;9.900000;530;small
56;1745;9.900000;557;small
57;2647;9.900000;543;small
58;2524;9.900000;573;small
59;2160;9.900000;576;small
60;2026;9.900000;586;small
61;3561;9.900000;572;small
62;1857;9.900000;571;small
63;1938;9.900000;612;small
64;1317;9.900000;624;small
65;4004;9.900000;611;small
66;3771;9.900000;541;small
67;2394;9.900000;650;small
68;2256;9.900000;654;small
69;1459;9.900000;649;small
70;4219;9.900000;698;small
71;2097;9.900000;676;small
72;4138;9.900000;674;small
73;2762;9.900000;656;small
74;1575;9.900000;676;small
75;1678;9.900000;686;small
76;1797;9.900000;701;small
77;2597;9.900000;708;small
78;1219;9.900000;722;small
79;2326;9.900000;744;small
80;2882;9.900000;738;small
81;2476;9.900000;751;small
82;1993;9.900000;759;small
83;4322;9.900000;759;small
84;2220;9.900000;770;small
85;4192;9.900000;805;small
86;2120;9.900000;790;small
87;1492;9.900000;784;small
88;1873;9.900000;787;small
89;1343;9.900000;794;small
90;3660;9.900000;793;small
91;1614;9.900000;813;small
92;2724;9.900000;814;small
93;2826;9.900000;817;small
94;1744;9.900000;823;small
95;2373;9.900000;832;small
96;2600;9.900000;833;small
97;3809;9.900000;851;small
98;4287;9.900000;886;small
99;4397;9.900000;917;small
100;4174;9.900000;911;small
101;4268;9.900000;975;small
102;4528;9.900000;1007;small
103;2126;9.900000;1014;small
104;3879;9.900000;1023;small
105;4223;9.900000;1027;small
106;4328;9.900000;1046;small
107;4439;9.900000;1068;small
108;3694;9.900000;1063;small
109;1942;9.900000;1058;small
110;2246;9.900000;1099;small
111;2088;9.900000;1087;small
112;1830;9.900000;1103;small
113;3082;9.900000;1126;small
114;4231;9.900000;1124;small
115;1994;9.900000;1125;small
116;4569;9.900000;1133;small
117;2911;9.900000;1143;small
118;4151;9.900000;1137;small
119;1381;9.900000;1158;small
120;1694;9.900000;1166;small
121;3243;9.900000;1157;small
122;1545;9.900000;1167;small
123;2141;9.900000;1170;small
124;4336;9.900000;1186;small
125;1877;9.900000;1189;small
126;4133;9.900000;1227;small
127;4053;9.900000;1225;small
128;1995;9.900000;1257;small
129;3052;9.900000;1242;small
130;2223;9.900000;1241;small
131;3751;9.900000;1252;small
132;1218;9.900000;1256;small
133;4476;9.900000;1257;small
134;1539;9.900000;1290;small
135;4192;9.900000;1288;small
136;4012;9.900000;1303;small
137;2152;9.900000;1289;small
138;1976;9.900000;1344;small
139;1698;9.900000;1329;small
140;4336;9.900000;1334;small
141;2271;9.900000;1359;small
142;1855;9.900000;1394;small
143;3694;9.900000;1353;small
144;3583;9.900000;1385;small
145;1527;9.900000;1417;small
146;4044;9.900000;1395;small
147;4212;9.900000;1404;small
148;1318;9.900000;1378;small
149;2447;9.900000;1419;small
150;2646;9.900000;1417;small
151;4456;9.900000;1405;small
152;4357;9.900000;1433;small
153;2095;9.900000;1466;small
154;1945;9.900000;1487;small
155;3497;9.900000;1483;small
156;3826;9.900000;1483;small
157;1721;9.900000;1488;small
158;2325;9.900000;1474;small
159;3683;9.900000;1487;small
160;4291;9.900000;1497;small
161;2821;9.900000;1543;small
162;1406;9.900000;1527;small
163;2217;9.900000;1544;small
164;1791;9.900000;1567;small
165;1536;9.900000;1544;small
166;1191;9.900000;1538;small
167;1297;9.900000;1567;small
168;2578;9.900000;1549;small
169;2475;9.900000;1551;small
170;3661;9.900000;1585;small
171;4482;9.900000;1536;small
172;3849;9.900000;1590;small
173;2359;9.900000;1570;small
174;3987;9.900000;1579;small
175;4365;9.900000;1571;small
176;2683;9.900000;1607;small
177;4233;9.900000;1580;small
178;1925;9.900000;1640;small
179;2074;9.900000;1649;small
180;3766;9.900000;1591;small
181;1371;9.900000;1660;small
182;3864;9.900000;1657;small
183;2328;9.900000;1675;small
184;1614;9.900000;1681;small
185;4306;9.900000;1675;small
186;1768;9.900000;1702;small
187;2207;9.900000;1700;small
188;2543;9.900000;1706;small
189;2759;9.900000;1717;small
190;3652;9.900000;1700;small
191;1218;9.900000;1706;small
192;2426;9.900000;1709;small
193;1450;9.900000;1744;small
194;3489;9.900000;1721;small
195;3824;9.900000;1765;small
196;4360;9.900000;1753;small
197;4135;9.900000;1822;small
198;3724;9.900000;1813;small
199;4009;9.900000;1779;small
200;4258;9.900000;1845;small
201;1225;9.900000;1843;small
202;3677;9.900000;1900;small
203;3954;9.900000;1915;small
204;3849;9.900000;1871;small
205;2730;9.900000;69;small
206;3469;9.900000;46;small
207;3746;9.900000;79;small
208;4288;9.900000;87;small
209;3034;9.900000;62;small
210;685;9.900000;79;small
211;946;9.900000;56;small
212;4536;9.900000;92;small
213;5434;9.900000;288;small
214;1907;9.900000;79;small
215;1252;9.900000;46;small
216;4009;9.900000;79;small
217;4795;9.900000;128;small
218;2620;9.900000;105;small
219;2172;9.900000;118;small
220;2849;9.900000;56;small
221;5138;9.900000;75;small
222;2313;9.900000;144;small
223;2470;9.900000;95;small
224;4197;9.900000;216;small
225;136;9.900000;343;small
226;390;9.900000;130;small
227;4659;9.900000;179;small
228;901;9.900000;207;small
229;2979;9.900000;190;small
230;2547;9.900000;251;small
231;2764;9.900000;208;small
232;1124;9.900000;237;small
233;4951;9.900000;221;small
234;4393;9.900000;299;small
235;2916;9.900000;323;small
236;3123;9.900000;387;small
237;2724;9.900000;365;small
238;402;9.900000;436;small
239;684;9.900000;318;small
240;4808;9.900000;389;small
241;5081;9.900000;363;small
242;4586;9.900000;409;small
243;959;9.900000;386;small
244;606;9.900000;504;small
245;2826;9.900000;490;small
246;4337;9.900000;481;small
247;4952;9.900000;529;small
248;863;9.900000;529;small
249;3359;9.900000;524;small
250;2867;9.900000;573;small
251;3127;9.900000;574;small
252;4682;9.900000;551;small
253;5130;9.900000;608;small
254;753;9.900000;629;small
255;1056;9.900000;578;small
256;4902;9.900000;653;small
257;4423;9.900000;604;small
258;3705;9.900000;656;small
259;2983;9.900000;691;small
260;3300;9.900000;714;small
261;5594;9.900000;756;small
262;5356;9.900000;669;small
263;4718;9.900000;779;small
264;4547;9.900000;729;small
265;5084;9.900000;838;small
266;453;9.900000;673;small
267;863;9.900000;761;small
268;627;9.900000;775;small
269;3496;9.900000;819;small
270;163;9.900000;741;small
271;1072;9.900000;830;small
272;4837;9.900000;811;small
273;3997;9.900000;833;small
274;3222;9.900000;804;small
275;4575;9.900000;887;small
276;1304;9.900000;948;small
277;2150;9.900000;907;small
278;3102;9.900000;911;small
279;2871;9.900000;902;small
280;738;9.900000;900;small
281;5464;9.900000;837;small
282;169;9.900000;955;small
283;1784;9.900000;968;small
284;2564;9.900000;963;small
285;936;9.900000;936;small
286;1136;9.900000;1066;small
287;641;9.900000;1002;small
288;5020;9.900000;1053;small
289;389;9.900000;1009;small
290;1501;9.900000;966;small
291;5305;9.900000;1060;small
292;4797;9.900000;971;small
293;3373;9.900000;1029;small
294;2955;9.900000;1019;small
295;2753;9.900000;1032;small
296;909;9.900000;1125;small
297;4749;9.900000;1113;small
298;3991;9.900000;1134;small
299;2414;9.900000;1128;small
300;3541;9.900000;1224;small
301;471;9.900000;1201;small
302;4646;9.900000;1147;small
303;132;9.900000;1244;small
304;2843;9.900000;1229;small
305;782;9.900000;1238;small
306;3370;9.900000;1266;small
307;2611;9.900000;1255;small
308;5133;9.900000;1344;small
309;624;9.900000;1283;small
310;5479;9.900000;1288;small
311;4814;9.900000;1298;small
312;1065;9.900000;1378;small
313;354;9.900000;1413;small
314;3113;9.900000;1331;small
315;4579;9.900000;1381;small
316;3891;9.900000;1392;small
317;2946;9.900000;1446;small
318;4955;9.900000;1547;small
319;820;9.900000;1514;small
320;120;9.900000;1517;small
321;5174;9.900000;1559;small
322;4107;9.900000;1546;small
323;3348;9.900000;1490;small
324;4711;9.900000;1534;small
325;525;9.900000;1519;small
326;5242;9.900000;1629;small
327;3121;9.900000;1551;small
328;1032;9.900000;1661;small
329;3948;9.900000;1690;small
330;3053;9.900000;1751;small
331;663;9.900000;1766;small
332;4597;9.900000;1694;small
333;5220;9.900000;1759;small
334;3296;9.900000;1782;small
335;5490;9.900000;1813;small
336;200;9.900000;1770;small
337;4772;9.900000;1728;small
338;2787;9.900000;1819;small
339;2324;9.900000;1874;small
340;495;9.900000;1824;small
341;951;9.900000;1804;small
342;1718;9.900000;1861;small
343;1523;9.900000;1911;small
344;2018;9.900000;1873;small
345;1417;9.900000;1860;small
346;1859;9.900000;1995;small
347;2930;9.900000;1919;small
348;3119;9.900000;1937;small
349;4432;9.900000;1895;small
350;4627;9.900000;1930;small
351;774;9.900000;1949;small
352;2546;9.900000;1912;small
353;3360;9.900000;1965;small
354;5111;9.900000;1936;small
355;4856;9.900000;1900;small
356;289;9.900000;2007;small
357;2229;9.900000;2006;small
358;1668;9.900000;1996;small
359;2765;9.900000;1997;small
360;1069;9.900000;1981;small
361;4150;9.900000;1978;small
362;402;9.900000;1929;small
363;1422;9.900000;2003;small
364;1278;9.900000;1984;small
365;3672;9.900000;1993;small
