
state={
	id=1351
	name="STATE_1351"
	manpower = 24445949
	
	state_category = megalopolis
	#impassable = yes
	resources={
		aluminium=0
		chromium=0
		oil=0
		rubber=0
		steel=15
		tungsten=0
		coal=0
	}

	history={
		victory_points = { 17327 77}
		victory_points = { 17365 154}
		victory_points = { 17366 154}
		
		owner = CHI
		buildings = {
			infrastructure = 5
			
			arms_factory = 4
			industrial_complex = 4
			dockyard = 4
			17327 = {
				naval_base = 10
			}
			
		}
		add_core_of = CHI
	}

	provinces={
		17251 17252 17253 17254 17255 17256 17257 17258 17259 17260 17261 17262 17263 17264 17265 17266 17267 17268 17269 17270 17271 17272 17273 17274 17275 17276 17277 17278 17279 17280 17281 17282 17283 17284 17285 17286 17287 17288 17289 17290 17291 17292 17293 17294 17295 17296 17297 17298 17299 17300 17301 17302 17303 17304 17305 17306 17307 17308 17309 17310 17311 17312 17313 17314 17315 17316 17317 17318 17319 17320 17321 17322 17323 17324 17325 17326 17327 17328 17329 17330 17331 17332 17333 17334 17335 17336 17337 17338 17339 17340 17341 17342 17343 17344 17345 17346 17347 17348 17349 17350 17351 17352 17353 17354 17355 17356 17357 17358 17359 17360 17361 17362 17363 17364 17365 17366 17367 17368 17369 17370 17371 17372 17373 17374 17375 17376 17377 17378 17379 17380 17381 17382 17383 17384 17385 17386 17387 17388 17389 17390 17391 17392 17393 17394 17395 17396 17397 17398 17399 17400 17401 17402 17403 17404 17405 17406 17407 17408 17409 17410 17411 17412 17413 17414 17415 17416 17417 17418 17419 17420 17421 17422 17423 17424 17425 17426 17427 17428 17429 17430 17431 17432 17433 17434 17435 17436 17437 17438 17439 17440 17441 17442 17443 17444 17445 17446 17447 17448 17449 17450 17451 17452 17453 17454 17455 17456 
	}
	local_supplies=0.0 
}
