
state={
	id=705
	name="STATE_705"
	manpower = 7731445
	
	state_category = megalopolis
	#impassable = yes
	resources={
		aluminium=4
		chromium=4
		oil=0
		rubber=0
		steel=30
		tungsten=4
		coal=9
	}

	history={
		victory_points = { 10862 16}
		victory_points = { 10906 33}
		victory_points = { 10945 33}
		
		owner = YEM
		buildings = {
			infrastructure = 5
			
			arms_factory = 4
			industrial_complex = 5
			dockyard = 3
			10862 = {
				naval_base = 10
			}
			
		}
		add_core_of = YEM
	}

	provinces={
		10857 10858 10859 10860 10861 10862 10863 10864 10865 10866 10867 10868 10869 10870 10871 10872 10873 10874 10875 10876 10877 10878 10879 10880 10881 10882 10883 10884 10885 10886 10887 10888 10889 10890 10891 10892 10893 10894 10895 10896 10897 10898 10899 10900 10901 10902 10903 10904 10905 10906 10907 10908 10909 10910 10911 10912 10913 10914 10915 10916 10917 10918 10919 10920 10921 10922 10923 10924 10925 10926 10927 10928 10929 10930 10931 10932 10933 10934 10935 10936 10937 10938 10939 10940 10941 10942 10943 10944 10945 10946 10947 10948 10949 10950 10951 10952 10953 10954 10955 10956 10957 10958 10959 10960 10961 10962 10963 10964 10965 10966 10967 10968 10969 10970 10971 10972 10973 10974 10975 10976 10977 10978 10979 10980 10981 10982 10983 10984 10985 10986 10987 10988 10989 10990 10991 10992 10993 10994 10995 10996 10997 
	}
	local_supplies=0.0 
}
